117	40	86
118	40	142
119	40	832
187	69	1409
188	69	1672
189	69	1627
190	69	991
239	86	972
240	86	212
273	97	1607
274	97	1012
275	97	1477
276	97	1377
309	110	708
310	110	124
312	110	1298
313	111	1869
314	111	733
315	111	1096
348	124	637
349	124	1241
350	124	886
351	125	584
353	125	1385
367	130	1629
369	1760	130
370	130	1281
394	139	725
395	1600	139
396	139	1612
402	142	972
403	142	604
404	142	790
432	153	886
433	153	872
434	153	865
445	158	1551
446	158	1752
447	158	1196
448	158	1232
481	172	1738
483	172	1856
484	855	172
520	186	1515
521	186	1710
522	186	1551
523	186	1752
579	212	1000
612	1463	226
613	226	1043
614	226	1321
615	227	1608
616	227	806
617	227	1276
618	227	1184
710	266	953
711	266	1836
712	266	651
738	278	1841
739	278	1568
740	278	1572
741	278	1265
768	291	1739
769	291	1547
770	291	958
771	292	1647
772	292	1626
773	292	1256
774	292	1331
799	305	1503
800	305	1756
801	305	1674
802	305	1840
826	317	1526
827	317	1787
828	317	1407
851	330	442
852	330	1721
853	331	1691
854	331	1396
855	331	917
872	342	604
873	342	797
874	342	874
917	364	1437
918	364	725
919	364	1672
920	364	1612
921	365	718
922	365	1410
923	365	399
954	381	925
955	381	1837
956	381	1509
991	399	796
1038	420	1516
1039	420	1498
1040	420	1033
1061	430	1385
1062	430	830
1073	435	1306
1074	435	1808
1075	435	1772
1091	442	1049
1092	442	604
1096	444	1704
1097	444	1503
1098	444	1271
1099	444	1674
1175	476	1514
1176	476	1745
1177	476	1407
1178	476	921
1186	479	1777
1187	659	479
1188	1787	479
1210	489	1715
1211	489	981
1212	489	1256
1272	515	1859
1273	515	1265
1274	938	515
1338	542	1859
1339	542	1419
1340	542	1865
1352	548	1634
1353	548	1803
1376	559	1000
1377	559	667
1411	579	925
1412	579	1846
1413	579	1396
1422	584	1061
1423	584	956
1424	584	1127
1434	588	953
1435	588	1238
1458	602	1675
1459	602	1121
1464	604	1049
1478	611	1169
1479	611	1127
1480	611	949
1487	615	1856
1488	615	1336
1489	615	1341
1490	615	967
1522	633	820
1523	633	1724
1524	633	785
1529	637	716
1530	637	1477
1531	637	708
1532	638	1012
1533	638	928
1534	638	1377
1535	638	1405
1540	641	1340
1541	641	1445
1550	647	928
1551	647	1308
1552	647	1405
1553	647	709
1561	651	1578
1574	659	1711
1575	1757	659
1576	659	1751
1577	660	1404
1578	660	1796
1579	660	1626
1590	667	832
1591	667	790
1609	677	1719
1610	677	1892
1611	677	1685
1666	709	1573
1667	709	1318
1674	713	806
1675	713	1575
1676	713	1184
1677	1744	713
1681	716	772
1684	718	1730
1685	718	1482
1686	718	796
1690	721	1476
1691	721	1266
1692	721	1708
1696	725	1690
1698	727	790
1699	727	979
1700	727	1007
1710	733	1759
1721	741	1516
1723	741	1498
1724	741	1495
1750	760	1719
1751	760	776
1752	760	1655
1760	768	1520
1761	768	928
1762	768	1308
1768	772	1607
1769	772	1477
1773	774	1009
1774	774	1176
1775	774	1083
1778	776	1652
1779	776	1496
1790	785	1643
1792	785	1176
1803	790	874
1813	796	1264
1815	797	1721
1816	797	1219
1830	806	1760
1831	806	1281
1858	820	1778
1859	820	1698
1860	820	1864
1872	827	960
1873	827	1770
1874	827	1860
1879	830	1323
1880	830	1585
1883	832	1000
1912	847	1649
1913	847	1609
1924	855	1858
1925	855	1412
1926	855	1730
1929	858	1897
1930	858	984
1931	858	1660
1932	1690	858
1947	865	1627
1948	865	1298
1949	865	1258
1956	869	1706
1957	869	1671
1962	872	970
1963	872	1687
1964	872	1627
1966	874	1219
1967	874	979
1987	886	970
1991	889	1783
1992	889	1691
1993	889	917
1999	893	1627
2000	893	1567
2001	893	1258
2013	900	1660
2014	900	1437
2015	900	1318
2020	904	1184
2021	904	1744
2022	904	1704
2023	904	1503
2048	917	1568
2049	917	1572
2055	921	1803
2060	925	974
2061	925	1044
2063	928	1550
2077	938	1419
2078	938	1574
2089	946	1346
2090	946	1551
2091	946	1360
2092	946	1196
2095	949	1040
2096	949	1397
2097	949	1389
2103	953	1736
2104	953	1578
2108	956	1361
2109	956	1546
2112	958	979
2113	958	1007
2115	959	1320
2116	1759	959
2117	959	1648
2119	960	1316
2120	960	1428
2131	967	1467
2136	970	1241
2137	970	1405
2142	974	1364
2143	1596	974
2144	974	1557
2153	981	1584
2154	981	1647
2158	984	1225
2159	984	1096
2168	991	1696
2169	991	1169
2170	991	1567
2175	995	1635
2176	995	1860
2177	995	1671
2178	995	1706
2198	1009	1461
2199	1009	1536
2200	1009	1259
2203	1012	1057
2227	1033	1089
2228	1033	1483
2238	1040	1169
2239	1040	1564
2241	1043	1655
2242	1043	1757
2243	1044	1476
2244	1044	1846
2256	1057	1547
2257	1057	1607
2263	1061	1696
2264	1061	1361
2265	1061	1169
2295	1083	1259
2302	1089	1498
2303	1089	1429
2309	1096	1468
2310	1096	1582
2339	1121	1633
2346	1127	1397
2356	1136	1768
2357	1136	1756
2358	1136	1503
2362	1142	1572
2363	1142	1380
2389	1166	1629
2390	1166	1762
2391	1760	1166
2412	1184	1710
2413	1187	1769
2414	1187	1609
2416	1187	1444
2427	1196	1778
2428	1196	1698
2456	1217	1600
2457	1217	1546
2458	1219	1739
2462	1225	1869
2463	1225	1897
2475	1232	1271
2476	1232	1698
2477	1232	1644
2479	1237	1809
2480	1237	1340
2482	1238	1384
2483	1241	1477
2484	1241	1377
2501	1256	1321
2502	1258	1657
2503	1259	1730
2504	1259	1410
2510	1264	1482
2511	1265	1894
2512	1266	1846
2513	1266	1766
2519	1271	1752
2520	1271	1742
2524	1276	1796
2525	1276	1605
2526	1278	1657
2527	1278	1564
2531	1281	1575
2542	1293	1389
2543	1293	1397
2560	1306	1428
2561	1306	1774
2562	1308	1573
2574	1316	1808
2575	1318	1672
2576	1318	1409
2578	1320	1769
2579	1320	1393
2580	1321	1346
2581	1321	1360
2582	1323	1385
2583	1323	1483
2590	1331	1515
2591	1331	1346
2592	1331	1551
2594	1336	1830
2595	1336	1701
2598	1340	1821
2599	1341	1701
2621	1360	1757
2622	1360	1800
2623	1361	1465
2628	1364	1786
2647	1894	1380
2648	1380	1584
2649	1383	1423
2650	1383	1717
2651	1383	1634
2652	1383	1803
2653	1384	1578
2656	1389	1564
2659	1393	1648
2660	1393	1582
2661	1396	1509
2665	1400	1762
2666	1400	1404
2667	1400	1796
2670	1404	1647
2671	1405	1687
2672	1407	1586
2673	1409	1687
2675	1412	1856
2676	1412	1482
2682	1419	1839
2683	1420	1808
2686	1420	1772
2688	1423	1454
2689	1423	1649
2694	1428	1860
2695	1428	1671
2696	1429	1597
2697	1429	1633
2707	1437	1690
2708	1439	1493
2709	1439	1793
2714	1444	1582
2715	1444	1600
2716	1445	1553
2717	1445	1841
2729	1454	1719
2730	1454	1717
2738	1461	1724
2739	1461	1542
2740	1496	1463
2741	1463	1715
2743	1465	1612
2744	1465	1600
2745	1465	1546
2748	1467	1856
2749	1467	1482
2750	1468	1759
2751	1468	1648
2752	1557	1469
2754	1469	1837
2760	1476	1596
2765	1483	1585
2766	1484	1865
2767	1484	1652
2768	1484	1719
2780	1493	1547
2781	1493	1550
2784	1495	1498
2785	1495	1693
2786	1496	1655
2800	1509	1691
2808	1514	1717
2809	1514	1685
2810	1514	1803
2811	1515	1626
2812	1515	1605
2816	1520	1897
2817	1520	1660
2822	1526	1847
2823	1526	1745
2837	1536	1542
2838	1536	1858
2839	1536	1730
2843	1542	1742
2847	1550	1793
2849	1553	1821
2850	1553	1795
2858	1564	1567
2862	1567	1657
2863	1568	1783
2864	1568	1795
2869	1573	1660
2870	1894	1574
2871	1574	1610
2873	1575	1768
2882	1584	1610
2883	1584	1866
2885	1586	1787
2886	1586	1751
2894	1596	1786
2896	1597	1693
2897	1597	1633
2903	1605	1710
2904	1608	1760
2905	1796	1608
2907	1610	1715
2908	1612	1696
2919	1629	1836
2922	1633	1675
2923	1634	1649
2924	1635	1770
2925	1635	1830
2932	1643	1751
2933	1643	1864
2934	1644	1742
2935	1644	1724
2938	1652	1839
2939	1655	1711
2951	1671	1774
2952	1672	1696
2954	1674	1742
2960	1685	1892
2961	1685	1745
2969	1698	1724
2972	1701	1706
2975	1704	1710
2976	1704	1752
2977	1706	1830
2979	1708	1736
2980	1708	1766
2982	1711	1777
2988	1721	1739
2996	1738	1756
2998	1738	1840
3001	1744	1768
3003	1751	1800
3006	1762	1866
3008	1766	1836
3014	1777	1847
3015	1778	1800
3016	1783	1837
3020	1793	1897
3021	1795	1841
3023	1800	1864
3028	1809	1837
3029	1809	1821
3038	1839	1865
3039	1840	1858
3040	1841	1859
3042	1847	1892
3168	86	40
3169	142	40
3170	832	40
3238	1409	69
3239	1672	69
3240	1627	69
3241	991	69
3288	972	86
3289	212	86
3322	1607	97
3323	1012	97
3324	1477	97
3325	1377	97
3358	708	110
3359	124	110
3361	1298	110
3362	1869	111
3363	1096	111
3394	637	124
3395	1241	124
3396	886	124
3397	584	125
3399	1385	125
3413	1629	130
3415	1281	130
3439	1612	139
3445	972	142
3446	604	142
3447	790	142
3473	886	153
3474	872	153
3475	865	153
3486	1551	158
3487	1752	158
3488	1196	158
3489	1232	158
3522	1738	172
3523	1856	172
3559	1515	186
3560	1710	186
3561	1551	186
3562	1752	186
3617	1000	212
3650	1043	226
3651	1321	226
3652	1608	227
3653	806	227
3654	1276	227
3655	1184	227
3744	953	266
3745	1836	266
3746	651	266
3771	1841	278
3772	1568	278
3773	1572	278
3774	1265	278
3800	1739	291
3801	1547	291
3802	958	291
3803	1647	292
3804	1626	292
3805	1256	292
3806	1331	292
3830	1503	305
3831	1756	305
3832	1674	305
3833	1840	305
3855	1526	317
3856	1787	317
3857	1407	317
3880	442	330
3881	1721	330
3882	1691	331
3883	1396	331
3884	917	331
3899	604	342
3900	797	342
3901	874	342
3942	1437	364
3943	725	364
3944	1672	364
3945	1612	364
3946	718	365
3947	1410	365
3948	399	365
3979	925	381
3980	1837	381
3981	1509	381
4011	796	399
4057	1516	420
4058	1498	420
4059	1033	420
4080	1385	430
4081	830	430
4092	1306	435
4093	1808	435
4094	1772	435
4109	1049	442
4110	604	442
4114	1704	444
4115	1503	444
4116	1271	444
4117	1674	444
4192	1514	476
4193	1745	476
4194	1407	476
4195	921	476
4222	1715	489
4223	981	489
4224	1256	489
4282	1859	515
4344	1859	542
4345	1419	542
4346	1865	542
4358	1634	548
4359	1803	548
4382	1000	559
4383	667	559
4417	925	579
4418	1846	579
4419	1396	579
4428	1061	584
4429	956	584
4430	1127	584
4440	953	588
4441	1238	588
4460	1675	602
4461	1121	602
4465	1049	604
4479	1169	611
4480	1127	611
4481	949	611
4488	1856	615
4489	1336	615
4490	1341	615
4491	967	615
4523	820	633
4524	1724	633
4525	785	633
4530	716	637
4531	1477	637
4532	708	637
4533	1012	638
4534	928	638
4535	1377	638
4536	1405	638
4541	1340	641
4542	1445	641
4551	928	647
4552	1308	647
4553	1405	647
4554	709	647
4562	1578	651
4575	1711	659
4576	1751	659
4577	1404	660
4578	1626	660
4587	832	667
4588	790	667
4606	1719	677
4607	1892	677
4608	1685	677
4661	1573	709
4662	1318	709
4669	1575	713
4670	1184	713
4674	772	716
4677	1730	718
4678	1482	718
4679	796	718
4683	1476	721
4684	1266	721
4685	1708	721
4690	790	727
4691	979	727
4692	1007	727
4711	1516	741
4713	1498	741
4714	1495	741
4739	1719	760
4740	1655	760
4745	1520	768
4746	928	768
4747	1308	768
4752	1607	772
4753	1477	772
4757	1009	774
4758	1176	774
4759	1083	774
4762	1652	776
4772	1643	785
4774	1176	785
4785	874	790
4795	1264	796
4797	1721	797
4798	1219	797
4809	1281	806
4836	1778	820
4837	1698	820
4848	960	827
4849	1770	827
4850	1860	827
4856	1000	832
4884	1649	847
4885	1609	847
4896	1858	855
4897	1412	855
4898	1730	855
4901	1897	858
4902	984	858
4903	1660	858
4918	1627	865
4919	1298	865
4920	1258	865
4927	1706	869
4928	1671	869
4933	970	872
4934	1687	872
4935	1627	872
4937	1219	874
4938	979	874
4958	970	886
4962	1783	889
4963	1691	889
4964	917	889
4970	1627	893
4971	1567	893
4972	1258	893
4984	1660	900
4985	1437	900
4986	1318	900
4991	1184	904
4992	1744	904
4993	1704	904
4994	1503	904
5017	1568	917
5018	1572	917
5024	1803	921
5027	974	925
5028	1044	925
5030	1550	928
5044	1419	938
5045	1574	938
5056	1346	946
5057	1551	946
5058	1196	946
5061	1040	949
5062	1397	949
5063	1389	949
5067	1736	953
5068	1578	953
5071	1361	956
5072	1546	956
5075	979	958
5076	1007	958
5078	1316	960
5079	1428	960
5089	1467	967
5094	1241	970
5095	1405	970
5100	1364	974
5109	1584	981
5110	1647	981
5114	1225	984
5115	1096	984
5124	1696	991
5125	1169	991
5126	1567	991
5131	1635	995
5132	1860	995
5133	1671	995
5134	1706	995
5151	1461	1009
5152	1536	1009
5153	1259	1009
5156	1057	1012
5180	1089	1033
5181	1483	1033
5191	1169	1040
5192	1564	1040
5194	1655	1043
5195	1757	1043
5196	1476	1044
5197	1846	1044
5208	1547	1057
5209	1607	1057
5215	1696	1061
5216	1361	1061
5217	1169	1061
5244	1259	1083
5248	1498	1089
5249	1429	1089
5254	1468	1096
5255	1582	1096
5282	1633	1121
5288	1397	1127
5296	1768	1136
5297	1756	1136
5298	1503	1136
5302	1572	1142
5303	1380	1142
5328	1629	1166
5329	1762	1166
5350	1710	1184
5351	1769	1187
5352	1609	1187
5354	1444	1187
5363	1778	1196
5364	1698	1196
5391	1546	1217
5392	1739	1219
5396	1869	1225
5397	1897	1225
5408	1271	1232
5409	1698	1232
5410	1644	1232
5412	1809	1237
5413	1340	1237
5415	1384	1238
5416	1477	1241
5417	1377	1241
5434	1321	1256
5435	1657	1258
5436	1730	1259
5437	1410	1259
5441	1482	1264
5442	1846	1266
5443	1766	1266
5447	1752	1271
5448	1742	1271
5452	1796	1276
5453	1605	1276
5454	1657	1278
5455	1564	1278
5459	1575	1281
5469	1389	1293
5470	1397	1293
5486	1428	1306
5487	1774	1306
5488	1573	1308
5500	1808	1316
5501	1672	1318
5502	1409	1318
5504	1393	1320
5505	1346	1321
5506	1360	1321
5507	1385	1323
5508	1483	1323
5515	1515	1331
5516	1346	1331
5517	1551	1331
5519	1830	1336
5520	1701	1336
5523	1821	1340
5524	1701	1341
5546	1800	1360
5547	1465	1361
5552	1786	1364
5569	1584	1380
5570	1423	1383
5571	1717	1383
5572	1634	1383
5573	1803	1383
5574	1578	1384
5577	1564	1389
5580	1648	1393
5581	1582	1393
5582	1509	1396
5586	1762	1400
5587	1404	1400
5588	1796	1400
5591	1647	1404
5592	1687	1405
5593	1586	1407
5594	1687	1409
5596	1856	1412
5597	1482	1412
5602	1839	1419
5603	1808	1420
5606	1772	1420
5608	1454	1423
5609	1649	1423
5613	1860	1428
5614	1671	1428
5615	1597	1429
5616	1633	1429
5624	1690	1437
5625	1493	1439
5626	1793	1439
5631	1582	1444
5632	1600	1444
5633	1553	1445
5634	1841	1445
5640	1719	1454
5641	1717	1454
5649	1724	1461
5650	1542	1461
5651	1715	1463
5653	1612	1465
5654	1600	1465
5655	1546	1465
5658	1856	1467
5659	1482	1467
5660	1759	1468
5661	1648	1468
5662	1837	1469
5668	1596	1476
5673	1585	1483
5674	1865	1484
5675	1652	1484
5676	1719	1484
5685	1547	1493
5686	1550	1493
5689	1498	1495
5690	1693	1495
5691	1655	1496
5705	1691	1509
5713	1717	1514
5714	1685	1514
5715	1803	1514
5716	1626	1515
5717	1605	1515
5721	1897	1520
5722	1660	1520
5727	1847	1526
5728	1745	1526
5742	1542	1536
5743	1858	1536
5744	1730	1536
5748	1742	1542
5752	1793	1550
5754	1821	1553
5755	1795	1553
5763	1567	1564
5767	1657	1567
5768	1783	1568
5769	1795	1568
5774	1660	1573
5775	1610	1574
5776	1768	1575
5785	1610	1584
5786	1866	1584
5788	1751	1586
5796	1786	1596
5797	1693	1597
5798	1633	1597
5804	1710	1605
5806	1715	1610
5807	1696	1612
5817	1836	1629
5820	1675	1633
5821	1649	1634
5822	1770	1635
5823	1830	1635
5829	1751	1643
5830	1864	1643
5831	1742	1644
5832	1724	1644
5835	1839	1652
5836	1711	1655
5848	1774	1671
5849	1696	1672
5851	1742	1674
5857	1892	1685
5858	1745	1685
5864	1724	1698
5867	1706	1701
5870	1710	1704
5871	1752	1704
5872	1830	1706
5874	1736	1708
5875	1766	1708
5877	1777	1711
5883	1739	1721
5891	1756	1738
5893	1840	1738
5896	1768	1744
5898	1800	1751
5901	1866	1762
5903	1836	1766
5909	1847	1777
5910	1800	1778
5911	1837	1783
5915	1897	1793
5916	1841	1795
5918	1864	1800
5923	1837	1809
5924	1821	1809
5931	1865	1839
5932	1858	1840
5933	1859	1841
5935	1892	1847
